0, 0.618785538, 0.823486484, 1.118831149, 1.697813726, 2.369112415, 3.23006051, 4.183324718, 5.230577432, 6.086508347, 7.227749567, 8.273329887, 9.414571107, 10.64980083, 11.59972025, 12.64530057, 13.59522, 14.54513942, 15.49505884, 16.44497826, 17.29923678, 18.34314471, 19.57502965, 20.71125369, 21.56216742, 22.41308116, 23.356311, 24.20387995, 25.33341442, 26.36561559, 27.39447198, 28.23535135, 29.25919056 
0, 14.9064934, 16.57725869, 17.90985879, 19.40151116, 20.72264804, 22.20570299, 23.51824245, 24.8279161, 25.80802198, 27.11482982, 28.25685378, 29.56366162, 30.86760366, 31.84484373, 32.98686769, 33.96410777, 34.94134784, 35.91858792, 36.89582799, 37.70828418, 38.68265845, 39.6513011, 40.45515988, 40.93231669, 41.4094735, 41.71611481, 41.85797224, 41.99123225, 41.79205869, 41.25758574, 40.72884441, 39.6914224 


















































