0.000, 0.413, 0.549, 0.746, 1.132, 1.579, 2.153, 2.789, 3.487, 4.058, 4.818, 5.516, 6.276, 7.100, 7.733, 8.430, 9.063, 9.697, 10.330, 10.963, 11.533, 12.229, 13.050, 13.808, 14.375, 14.942, 15.571, 16.136, 16.889, 17.577, 18.263, 18.824 19.506
0.000, 14.9064934, 16.57725869, 17.90985879, 19.40151116, 20.72264804, 22.20570299, 23.51824245, 24.8279161, 25.80802198, 27.11482982, 28.25685378, 29.56366162, 30.86760366, 31.84484373, 32.98686769, 33.96410777, 34.94134784, 35.91858792, 36.89582799, 37.70828418, 38.68265845, 39.6513011, 40.45515988, 40.93231669, 41.4094735, 41.71611481, 41.85797224, 41.99123225, 41.79205869, 41.25758574, 40.72884441, 39.6914224, 

















































