0, 3.232636147, 3.439708458, 3.646780769, 3.993125275, 4.339863205, 4.686863418, 5.034257055, 5.451811355, 5.939264034, 6.566382333, 7.123864534, 7.681477876, 8.308727316, 8.866340659, 9.633255717, 10.4702003, 11.1676104, 11.93478774, 12.56256175, 13.19033575, 14.09717871, 14.93438557, 15.77172358, 16.39975987, 16.88826168, 17.23722901
0, 26.13603223, 27.39123745, 28.64644266, 30.04950757, 31.23112627, 32.26511415, 33.07765582, 33.66886572, 34.18637465, 34.63029707, 35.00028963, 35.29646679, 35.6665738, 35.96275096, 36.25927145, 36.40827557, 36.55705081, 36.70594048, 36.78078587, 36.85563126, 36.93093442, 36.93230773, 36.85986563, 36.78708021, 36.7140659, 36.64082271































