0.000, 2.155, 2.293, 2.431, 2.662, 2.893, 3.125, 3.356, 3.635, 3.960, 4.378, 4.749, 5.121, 5.539, 5.911, 6.422, 6.980, 7.445, 7.957, 8.375, 8.794, 9.398, 9.956, 10.514, 10.933, 11.259, 11.491
0, 26.13603223, 27.39123745, 28.64644266, 30.04950757, 31.23112627, 32.26511415, 33.07765582, 33.66886572, 34.18637465, 34.63029707, 35.00028963, 35.29646679, 35.6665738, 35.96275096, 36.25927145, 36.40827557, 36.55705081, 36.70594048, 36.78078587, 36.85563126, 36.93093442, 36.93230773, 36.85986563, 36.78708021, 36.7140659, 36.64082271, 































