0, 0.688705234, 0.688705234, 1.308539945, 1.997245179, 2.548209366, 2.961432507, 3.374655647, 3.787878788, 4.132231405, 4.476584022, 4.820936639, 5.165289256, 5.509641873, 5.85399449, 6.749311295, 7.231404959, 7.713498623, 8.26446281, 8.67768595, 9.090909091, 9.573002755, 10.05509642, 10.74380165, 11.29476584, 12.53443526, 13.2231405, 14.04958678, 15.08264463, 15.84022039, 16.59779614, 17.28650138, 18.04407713, 18.80165289, 19.35261708, 19.90358127
0, 38.51678844, 38.51678844, 39.37749879, 40.88374192, 42.60516263, 43.89622816, 45.1872937, 46.69353682, 48.19977995, 49.70602307, 50.9970886, 52.50333173, 53.79439726, 54.87028521, 57.66759386, 58.52830422, 59.38901458, 60.24972493, 60.8952577, 61.32561288, 61.75596805, 62.18632323, 62.61667841, 62.831856, 63.04703359, 63.04703359, 62.831856, 62.40150082, 61.97114564, 61.32561288, 60.68008011, 60.03454734, 58.9586594, 58.31312663, 57.23723868












































