0.000, 0.610, 0.703, 0.842, 0.981, 1.538, 2.513, 2.838, 3.302, 3.904, 4.275, 4.552, 4.876, 5.293, 5.848, 6.265, 6.636, 7.099, 7.469, 7.885, 8.348, 8.950, 9.413, 9.877, 10.386, 10.850, 11.406, 11.916, 12.565, 13.075, 13.631, 14.142, 14.652, 15.116, 15.533, 15.951, 16.369, 16.880, 17.529, 18.133, 18.690, 19.340, 19.851, 20.640, 21.476, 22.172, 22.823, 23.566, 24.171, 24.914, 25.472, 25.891, 26.403, 26.729, 27.149, 27.568
0, 16.86466508, 17.08698431, 17.23557872, 17.38417314, 17.38692065, 17.39172879, 17.46728527, 17.76538995, 18.21208904, 18.7315971, 19.25064725, 19.69597258, 20.21570961, 20.88404105, 21.40377807, 21.84933237, 22.44325212, 22.96276019, 23.55645098, 24.22432451, 24.96683868, 25.48680466, 26.00677064, 26.52696559, 26.89902403, 27.34549416, 27.71778156, 28.16470961, 28.46304324, 28.8355596, 29.13389323, 29.43222686, 29.65637777, 29.73239217, 29.80840657, 29.88442097, 29.96089329, 30.11200626, 30.1889365, 30.26563778, 30.34279697, 30.41926929, 30.49711537, 30.50123663, 30.50467101, 30.43392267, 30.2157247, 29.99683986, 29.77864189, 29.33766678, 28.96995856, 28.45480072, 28.01268081, 27.42311128, 26.83354174



































