0, 0.344352617, 0.344352617, 0.344352617, 0.41322314, 0.550964187, 0.550964187, 0.964187328, 1.446280992, 1.446280992, 2.203856749, 2.82369146, 3.374655647, 3.856749311, 4.338842975, 4.889807163, 5.303030303, 5.85399449, 6.129476584, 6.542699725, 7.024793388, 7.506887052, 7.920110193, 8.333333333, 8.953168044, 9.504132231, 9.986225895, 10.53719008, 11.01928375, 11.50137741, 11.84573003, 12.39669421, 13.01652893, 13.29201102, 13.84297521, 14.39393939, 15.0137741, 15.56473829, 16.11570248, 16.80440771, 17.42424242, 18.18181818, 18.73278237, 19.4214876, 20.17906336, 21.28099174, 22.17630854, 23.14049587, 23.89807163, 24.72451791, 25.34435262, 26.03305785, 26.65289256, 27.20385675, 27.89256198, 28.58126722, 29.20110193, 29.95867769
0, 18.50527266, 18.50527266, 20.22669337, 21.08740373, 21.5177589, 21.5177589, 21.5177589, 21.5177589, 21.5177589, 21.73293649, 22.16329167, 22.37846926, 22.80882444, 23.02400203, 23.45435721, 23.66953479, 24.09988997, 24.31506756, 24.74542274, 25.17577792, 25.6061331, 26.03648827, 26.46684345, 27.11237622, 27.5427314, 27.97308658, 28.40344175, 28.83379693, 29.26415211, 29.4793297, 29.90968488, 30.72257799, 30.98557282, 31.63110559, 32.27663836, 32.92217112, 33.3525263, 33.78288148, 34.21323666, 34.64359184, 35.07394701, 35.2891246, 35.50430219, 35.2891246, 35.07394701, 34.64359184, 34.42841425, 33.78288148, 33.3525263, 32.92217112, 32.27663836, 31.63110559, 30.98557282, 30.12486247, 29.26415211, 28.61861934, 27.5427314






























