0, 0.915400985, 1.053931143, 1.262382299, 1.470833455, 2.30673702, 3.769568259, 4.256916305, 4.952453138, 5.856441128, 6.411873597, 6.827988806, 7.314025012, 7.939116112, 8.772658368, 9.397749468, 9.953444305, 10.64793167, 11.20336414, 11.82819287, 12.52241786, 13.42535638, 14.12010611, 14.81485584, 15.5792642, 16.27453867, 17.10886803, 17.87380113, 18.84744775, 19.61264321, 20.44723494, 21.2124304, 21.97762586, 22.67342506, 23.30009037, 23.92675568, 24.55342098, 25.31940355, 26.29409964, 27.19939947, 28.03504067, 29.00999913, 29.77598169, 30.95991604, 32.21377139, 33.25865085, 34.23413404, 35.34945923, 36.25580853, 37.37113372, 38.20861149, 38.836851, 39.60493251, 40.09411713, 40.72314375, 41.35217036
0, 16.86466508, 17.08698431, 17.23557872, 17.38417314, 17.38692065, 17.39172879, 17.46728527, 17.76538995, 18.21208904, 18.7315971, 19.25064725, 19.69597258, 20.21570961, 20.88404105, 21.40377807, 21.84933237, 22.44325212, 22.96276019, 23.55645098, 24.22432451, 24.96683868, 25.48680466, 26.00677064, 26.52696559, 26.89902403, 27.34549416, 27.71778156, 28.16470961, 28.46304324, 28.8355596, 29.13389323, 29.43222686, 29.65637777, 29.73239217, 29.80840657, 29.88442097, 29.96089329, 30.11200626, 30.1889365, 30.26563778, 30.34279697, 30.41926929, 30.49711537, 30.50123663, 30.50467101, 30.43392267, 30.2157247, 29.99683986, 29.77864189, 29.33766678, 28.96995856, 28.45480072, 28.01268081, 27.42311128, 26.83354174
































