0, 1.033057851, 1.033057851, 1.962809917, 2.995867769, 3.82231405, 4.44214876, 5.061983471, 5.681818182, 6.198347107, 6.714876033, 7.231404959, 7.747933884, 8.26446281, 8.780991736, 10.12396694, 10.84710744, 11.57024793, 12.39669421, 13.01652893, 13.63636364, 14.35950413, 15.08264463, 16.11570248, 16.94214876, 18.80165289, 19.83471074, 21.07438017, 22.62396694, 23.76033058, 24.89669421, 25.92975207, 27.0661157, 28.20247934, 29.02892562, 29.8553719
0, 38.51678844, 38.51678844, 39.37749879, 40.88374192, 42.60516263, 43.89622816, 45.1872937, 46.69353682, 48.19977995, 49.70602307, 50.9970886, 52.50333173, 53.79439726, 54.87028521, 57.66759386, 58.52830422, 59.38901458, 60.24972493, 60.8952577, 61.32561288, 61.75596805, 62.18632323, 62.61667841, 62.831856, 63.04703359, 63.04703359, 62.831856, 62.40150082, 61.97114564, 61.32561288, 60.68008011, 60.03454734, 58.9586594, 58.31312663, 57.23723868












































