0.00, 0.23, 0.56, 1.11, 1.58, 2.00, 2.41, 2.88, 3.39, 4.04, 4.60, 5.11, 5.67, 6.27, 6.97, 7.71, 8.32, 9.02, 9.62, 10.18, 10.78, 11.30, 11.81, 12.37, 12.97, 13.53, 14.04, 14.55, 15.02, 15.67, 16.32, 16.88, 17.43, 18.04, 18.60, 19.29, 19.90, 20.50, 21.01, 21.67, 22.41, 23.11, 23.81, 24.41, 25.11, 25.81, 26.46, 27.25, 27.90, 28.46, 29.25
0, 1.329249506, 1.99438925, 2.660101206, 3.030322657, 3.252798855, 3.475275053, 3.697865693, 3.920570776, 4.143619187, 4.292623307, 4.441512985, 4.590517105, 4.739635668, 4.888983115, 5.038445006, 5.187563568, 5.263095611, 5.412214174, 5.487402889, 5.562706046, 5.637780319, 5.712854591, 5.861858711, 5.937161869, 6.086165989, 6.161240262, 6.236314534, 6.311274364, 6.386691964, 6.53592497, 6.611113685, 6.760117805, 6.835420962, 6.910609678, 6.98614172, 7.061444878, 7.21056344, 7.285637713, 7.361055313, 7.436701798, 7.438418435, 7.366319667, 7.293992015, 7.221893247, 7.149794479, 7.077581268, 7.005711386, 6.85968277, 6.71342527, 6.493924576














