0, 0.346475647, 0.833666044, 1.669692634, 2.366709312, 2.994221035, 3.621732757, 4.319011718, 5.086057918, 6.062405833, 6.899350413, 7.666527754, 8.503472334, 9.410184152, 10.45643045, 11.57244398, 12.4791558, 13.52553324, 14.43224505, 15.26932077, 16.17616373, 16.94347222, 17.7107807, 18.54772528, 19.45456824, 20.29151282, 21.0588213, 21.82612978, 22.52367103, 23.50028123, 24.47676028, 25.313836, 26.15078058, 27.05762354, 27.89469926, 28.9410767, 29.84791966, 30.75463148, 31.52193996, 32.49855016, 33.61469483, 34.66120341, 35.70784313, 36.61494837, 37.66158809, 38.70822781, 39.68510029, 40.87127449, 41.84827811, 42.68574726, 43.87218374
0, 1.329249506, 1.99438925, 2.660101206, 3.030322657, 3.252798855, 3.475275053, 3.697865693, 3.920570776, 4.143619187, 4.292623307, 4.441512985, 4.590517105, 4.739635668, 4.888983115, 5.038445006, 5.187563568, 5.263095611, 5.412214174, 5.487402889, 5.562706046, 5.637780319, 5.712854591, 5.861858711, 5.937161869, 6.086165989, 6.161240262, 6.236314534, 6.311274364, 6.386691964, 6.53592497, 6.611113685, 6.760117805, 6.835420962, 6.910609678, 6.98614172, 7.061444878, 7.21056344, 7.285637713, 7.361055313, 7.436701798, 7.438418435, 7.366319667, 7.293992015, 7.221893247, 7.149794479, 7.077581268, 7.005711386, 6.85968277, 6.71342527, 6.493924576













